10 45
6 3
1 3
4 3
9 3
2 3
8 2
7 8
10 9
5 10
1 4
7 5
8 5
1 2
1 9
1 5
9 2
7 10
3 5
4 10
2 7
1 10
6 1
9 5
9 8
4 9
3 7
4 7
8 10
3 10
6 8
1 7
2 5
6 10
6 2
6 4
6 5
3 8
4 5
6 7
1 8
6 9
2 10
9 7
4 2
4 8
15
1 2 3 4 5 6 7 8 9 10 11 12 13 14 15 
1 2 3 4 5 6 7 8 9 10 11 12 13 14 15 
1 2 3 4 5 6 7 8 9 10 11 12 13 14 15 
1 2 3 4 5 6 7 8 9 10 11 12 13 14 15 
1 2 3 4 5 6 7 8 9 10 11 12 13 14 15 
1 2 3 4 5 6 7 8 9 10 11 12 13 14 15 
1 2 3 4 5 6 7 8 9 10 11 12 13 14 15 
1 2 3 4 5 6 7 8 9 10 11 12 13 14 15 
1 2 3 4 5 6 7 8 9 10 11 12 13 14 15 
1 2 3 4 5 6 7 8 9 10 11 12 13 14 15 
