15 105
5 3
8 5
15 5
1 3
13 8
12 3
11 5
6 15
14 13
10 13
9 14
2 5
7 2
4 13
11 7
12 11
3 7
13 9
3 2
5 14
11 9
5 10
12 2
8 14
1 10
1 13
6 9
15 13
8 11
9 7
6 10
11 10
13 11
11 4
13 7
13 6
3 10
1 4
10 9
15 14
11 14
6 7
5 13
5 1
3 13
5 9
1 2
14 2
8 12
15 12
12 4
8 7
1 11
10 4
2 4
12 10
1 12
6 14
5 12
8 9
1 7
3 11
15 7
5 6
1 6
15 11
3 6
13 2
15 4
8 4
3 4
12 14
10 2
12 7
8 2
12 9
5 4
8 15
8 10
15 9
13 12
3 14
15 10
3 9
6 4
1 9
8 6
3 15
1 14
3 8
8 1
7 4
11 6
11 2
5 7
14 4
12 6
15 1
10 7
14 10
15 2
14 7
6 2
9 2
9 4
15
1 2 3 4 5 6 7 8 9 10 11 12 13 14 15 
1 2 3 4 5 6 7 8 9 10 11 12 13 14 15 
1 2 3 4 5 6 7 8 9 10 11 12 13 14 15 
1 2 3 4 5 6 7 8 9 10 11 12 13 14 15 
1 2 3 4 5 6 7 8 9 10 11 12 13 14 15 
1 2 3 4 5 6 7 8 9 10 11 12 13 14 15 
1 2 3 4 5 6 7 8 9 10 11 12 13 14 15 
1 2 3 4 5 6 7 8 9 10 11 12 13 14 15 
1 2 3 4 5 6 7 8 9 10 11 12 13 14 15 
1 2 3 4 5 6 7 8 9 10 11 12 13 14 15 
1 2 3 4 5 6 7 8 9 10 11 12 13 14 15 
1 2 3 4 5 6 7 8 9 10 11 12 13 14 15 
1 2 3 4 5 6 7 8 9 10 11 12 13 14 15 
1 2 3 4 5 6 7 8 9 10 11 12 13 14 15 
1 2 3 4 5 6 7 8 9 10 11 12 13 14 15 
