20 176
10 13
20 13
14 20
1 10
2 1
3 14
9 13
6 10
19 2
11 13
5 3
8 14
7 14
18 7
16 5
4 19
12 18
17 18
15 19
10 4
19 18
2 12
13 15
13 12
13 19
6 18
12 17
1 17
14 4
18 16
6 15
8 17
9 6
6 16
10 16
5 7
7 4
13 8
3 7
16 4
11 18
13 5
14 5
7 15
10 5
5 12
16 12
3 4
10 7
17 15
1 16
5 8
20 19
10 12
9 18
20 15
11 12
13 6
11 16
6 17
2 8
20 11
2 5
1 8
2 7
3 6
20 1
10 17
1 7
10 14
14 9
8 12
9 4
20 16
2 18
14 11
9 15
5 4
1 11
9 11
10 18
20 7
2 6
4 12
18 4
1 18
14 15
14 18
13 7
6 11
2 16
13 3
13 16
11 4
19 5
3 11
13 1
10 15
4 17
2 9
1 3
5 18
8 18
5 15
10 9
4 15
6 5
1 12
2 4
20 12
2 3
1 5
1 19
14 1
19 8
13 17
3 16
8 4
1 6
20 3
8 16
6 7
2 11
13 2
9 5
9 16
2 17
19 7
20 6
1 4
7 17
9 19
7 12
14 19
20 18
10 2
20 4
16 15
19 11
11 7
20 8
3 9
6 4
11 5
13 4
14 16
9 12
14 12
3 15
20 9
1 9
18 15
20 2
3 12
13 14
1 15
2 15
9 8
5 17
8 15
11 15
19 16
10 20
10 3
3 19
10 8
3 17
16 17
10 11
6 8
19 17
3 8
7 16
11 8
12 15
14 17
15
8 6 14 
6 15 4 9 8 2 
10 1 14 4 3 6 
4 1 15 14 10 
11 10 1 3 8 6 7 
1 5 4 10 2 11 
8 3 10 1 
5 7 15 10 1 9 
14 11 10 3 8 
8 13 10 2 1 
2 11 7 15 9 5 
10 3 9 
11 12 5 7 
1 4 6 15 13 3 
9 10 5 
3 9 
8 3 14 5 
2 9 
11 
12 13 
