20 105
7 11
17 7
12 17
5 7
8 5
13 12
2 13
6 11
9 17
20 6
14 20
16 6
3 11
19 6
15 13
4 13
1 19
10 9
18 3
12 5
7 4
5 19
6 15
2 14
7 16
8 14
1 18
20 4
4 10
3 4
6 9
5 3
1 10
11 8
13 10
8 2
19 15
8 4
17 6
9 18
17 4
16 10
7 12
19 4
6 14
5 10
8 20
7 19
12 4
7 8
20 3
9 14
7 2
12 16
4 18
11 9
6 18
12 8
16 15
12 2
7 6
16 3
8 1
2 19
6 4
7 1
8 9
20 15
8 15
9 1
17 10
11 14
4 1
12 18
17 20
5 13
5 2
12 20
13 16
9 19
11 13
7 20
6 3
9 15
7 3
20 18
5 18
7 13
13 3
2 1
11 1
10 18
8 3
9 20
8 16
11 20
17 5
6 1
11 4
13 18
5 1
2 20
3 19
13 6
20 10
15
10 9 2 6 12 
13 12 1 
9 8 7 12 2 5 
7 3 
1 7 5 
2 12 11 1 
2 13 11 
5 6 
5 15 3 
14 2 15 7 4 5 
6 14 11 5 8 4 2 
6 
7 4 
1 11 2 15 7 
6 15 13 
4 
2 9 5 15 1 
7 
13 
8 
