20 97
16 18
13 18
2 16
4 16
17 4
1 13
7 4
5 4
10 1
15 2
20 17
6 13
19 13
8 6
12 2
3 1
9 4
11 17
14 19
4 6
15 8
2 19
18 2
15 20
10 14
20 14
13 14
8 11
2 5
16 13
18 12
15 14
13 3
4 3
20 8
18 4
2 10
4 12
2 3
10 19
6 12
18 19
7 9
13 20
18 3
2 8
18 5
4 19
13 2
17 1
10 3
12 11
1 11
3 9
18 9
19 11
8 14
7 15
16 14
5 11
15 9
2 11
18 7
12 3
13 8
13 11
2 14
1 7
17 15
18 20
18 6
2 20
17 3
13 10
17 7
16 12
9 14
18 15
19 12
20 6
16 1
1 6
16 7
19 3
13 15
5 20
17 12
17 19
2 9
18 8
7 11
6 3
4 1
7 12
5 14
2 1
1 9
15
2 8 14 1 11 
6 15 7 9 
14 13 8 
8 12 13 14 3 
2 8 5 15 12 10 4 
15 12 9 11 14 8 2 
9 10 1 14 12 4 3 
8 
13 14 3 11 2 1 
12 15 2 14 
13 8 7 9 14 6 
15 
9 
15 2 3 5 14 13 9 
3 9 
3 2 
11 8 2 1 14 6 
13 8 3 
10 14 7 4 8 
5 6 11 9 
