20 190
8 15
20 15
16 8
6 8
13 20
19 13
3 16
11 6
14 3
1 14
7 3
4 3
17 11
12 1
2 15
10 7
9 12
18 15
5 12
16 7
15 17
8 9
8 10
19 1
10 18
12 18
1 7
4 2
7 5
10 5
13 9
13 11
6 1
8 11
12 2
6 4
20 14
6 18
16 2
3 2
8 18
17 10
15 7
11 18
13 12
3 18
15 6
6 13
15 11
9 18
3 11
20 5
14 9
6 3
8 17
17 5
8 19
13 18
7 2
20 3
7 17
20 2
2 18
3 1
13 1
3 10
16 5
14 18
7 9
2 5
17 18
13 5
13 3
19 17
8 7
8 4
11 4
3 9
2 9
20 12
14 4
13 4
7 4
16 4
19 5
14 10
16 6
11 14
6 2
19 2
3 17
17 9
8 5
15 4
20 9
6 9
19 7
3 12
20 18
16 12
1 17
13 17
19 14
15 14
15 5
20 7
15 16
16 11
19 11
1 10
7 18
6 12
11 12
6 19
16 19
19 10
16 9
19 4
15 12
4 9
6 7
11 1
14 7
17 2
16 17
20 1
8 20
20 10
11 2
11 5
11 7
20 11
16 10
14 17
6 14
12 10
14 12
4 17
8 1
1 4
8 3
20 4
15 1
18 5
13 10
19 12
4 5
8 14
6 10
8 13
15 3
20 6
20 17
15 19
15 9
13 2
20 16
13 14
14 2
4 10
15 13
1 9
13 7
8 12
6 17
1 2
11 10
1 5
6 5
10 9
19 3
20 19
15 10
11 9
2 10
16 14
4 12
9 5
19 18
8 2
3 5
16 18
16 13
16 1
1 18
4 18
17 12
14 5
19 9
7 12
15
1 2 3 4 5 6 7 8 9 10 11 12 13 14 15 
1 2 3 4 5 6 7 8 9 10 11 12 13 14 15 
1 2 3 4 5 6 7 8 9 10 11 12 13 14 15 
1 2 3 4 5 6 7 8 9 10 11 12 13 14 15 
1 2 3 4 5 6 7 8 9 10 11 12 13 14 15 
1 2 3 4 5 6 7 8 9 10 11 12 13 14 15 
1 2 3 4 5 6 7 8 9 10 11 12 13 14 15 
1 2 3 4 5 6 7 8 9 10 11 12 13 14 15 
1 2 3 4 5 6 7 8 9 10 11 12 13 14 15 
1 2 3 4 5 6 7 8 9 10 11 12 13 14 15 
1 2 3 4 5 6 7 8 9 10 11 12 13 14 15 
1 2 3 4 5 6 7 8 9 10 11 12 13 14 15 
1 2 3 4 5 6 7 8 9 10 11 12 13 14 15 
1 2 3 4 5 6 7 8 9 10 11 12 13 14 15 
1 2 3 4 5 6 7 8 9 10 11 12 13 14 15 
1 2 3 4 5 6 7 8 9 10 11 12 13 14 15 
1 2 3 4 5 6 7 8 9 10 11 12 13 14 15 
1 2 3 4 5 6 7 8 9 10 11 12 13 14 15 
1 2 3 4 5 6 7 8 9 10 11 12 13 14 15 
1 2 3 4 5 6 7 8 9 10 11 12 13 14 15 
