25 137
4 21
8 4
12 21
6 8
18 21
15 12
3 12
5 18
25 3
24 25
2 3
1 12
11 18
13 11
22 18
19 11
7 15
14 2
20 18
16 25
9 4
10 15
23 10
17 8
7 14
16 23
21 22
11 17
6 19
6 23
8 1
22 20
5 16
12 13
6 16
21 5
11 20
1 10
5 2
13 7
22 9
13 10
5 22
8 25
18 2
4 7
15 5
1 19
12 22
12 18
5 20
6 9
19 23
25 17
13 16
20 9
21 10
2 16
2 1
4 3
18 13
24 2
2 23
11 14
1 13
8 18
24 16
2 22
2 17
12 14
21 23
15 23
18 9
6 3
6 22
12 24
18 3
4 15
6 14
1 11
25 10
6 7
18 23
10 17
22 14
8 11
3 20
3 11
8 20
21 8
14 17
12 5
15 16
14 10
15 24
8 23
4 5
4 16
4 18
3 22
12 7
22 10
1 17
1 7
19 14
18 24
3 13
3 14
15 20
6 5
5 1
1 20
25 22
12 25
20 16
22 19
4 14
5 23
21 25
8 7
16 9
4 17
15 22
3 10
24 7
22 23
15 25
24 9
25 23
24 19
15 3
15 9
4 2
3 5
5 14
18 19
14 20
15
7 9 
13 10 14 5 
12 
7 11 6 
14 7 9 1 
5 6 7 9 14 15 2 
6 8 9 14 12 7 1 
2 8 11 
11 9 1 7 6 
13 14 3 7 2 6 
14 5 13 
7 12 
15 8 7 9 11 14 
12 15 13 6 8 
10 13 7 15 8 1 4 
10 9 1 4 
6 10 15 12 
15 
15 13 1 9 3 
1 3 7 6 
12 9 14 3 
5 4 
5 9 1 8 12 
3 7 
8 2 13 12 1 7 
