25 104
15 12
25 15
8 25
17 8
11 17
1 17
9 8
18 25
23 8
13 1
3 25
16 8
4 3
10 16
24 18
5 1
22 11
19 15
14 16
6 22
21 22
20 9
2 15
7 13
13 3
3 5
12 9
18 22
25 16
25 23
1 3
23 2
4 10
24 20
3 14
6 21
15 8
18 6
5 19
11 23
3 7
25 7
11 14
4 6
13 22
3 19
4 22
25 17
5 20
17 4
13 14
12 4
4 21
8 19
16 5
24 5
9 5
25 4
8 6
14 2
24 14
11 3
8 5
1 14
12 3
1 9
8 18
3 24
8 10
10 21
23 10
10 24
17 14
11 19
4 5
9 19
23 6
9 24
11 20
22 20
1 19
1 7
10 5
15 5
17 23
3 21
3 2
9 14
9 6
13 4
13 24
8 20
17 13
9 3
11 4
11 21
22 7
15 18
25 13
17 2
3 16
9 16
17 24
8 1
15
11 1 9 
14 10 3 11 
14 9 3 10 7 8 
8 5 15 
11 
9 8 15 4 5 10 
15 8 1 13 
13 3 2 14 12 1 
1 6 9 
11 15 13 12 14 3 
7 3 5 10 15 13 
4 14 5 11 15 9 6 
2 
14 9 1 15 4 
8 6 3 15 13 
6 1 
14 2 3 4 10 
15 
1 
11 5 8 
10 14 11 9 
2 6 
10 15 11 2 9 
3 8 15 5 12 14 10 
9 12 13 2 3 4 14 
