25 287
24 18
14 18
19 14
25 24
5 19
11 25
23 5
3 19
2 25
8 25
1 11
10 3
17 14
16 2
9 18
22 5
20 19
4 10
21 17
12 5
7 11
13 4
6 8
15 14
24 5
18 6
25 17
18 23
25 5
24 1
14 10
17 7
2 22
23 4
1 21
23 12
11 13
22 7
18 5
14 20
25 7
19 6
1 12
16 4
3 20
3 17
18 4
14 4
2 21
22 6
11 10
24 4
4 21
1 7
25 1
23 7
20 21
3 15
2 9
18 12
24 6
24 19
2 1
19 22
3 16
5 21
21 7
3 2
8 17
12 7
2 6
3 8
2 15
17 9
11 20
11 16
19 21
1 13
8 4
14 21
14 1
23 16
24 3
12 6
18 17
14 5
25 6
25 9
11 9
17 20
10 15
23 20
14 8
11 12
18 8
12 13
2 7
23 10
24 21
12 15
24 13
5 1
10 12
10 20
17 22
17 13
23 6
4 15
23 22
11 2
24 15
9 4
8 20
10 22
1 20
19 2
24 11
5 10
18 2
5 6
9 12
25 23
7 15
3 7
5 16
22 13
14 11
23 9
9 21
4 12
5 13
20 13
10 7
21 15
9 22
18 22
22 4
19 4
11 17
8 9
20 7
14 7
2 20
5 9
4 6
19 7
23 21
5 4
24 17
8 1
24 10
23 13
17 6
17 4
7 13
18 20
24 9
18 16
3 13
24 14
9 20
4 7
10 17
9 6
19 1
8 13
19 10
11 4
9 15
18 25
3 21
20 12
1 16
5 11
5 7
13 6
10 16
23 17
25 3
19 17
25 15
16 7
8 12
24 2
25 13
8 21
23 2
3 6
2 4
11 22
18 7
25 12
16 9
16 12
19 16
1 9
11 8
24 20
3 9
3 1
25 4
17 16
24 7
2 10
6 15
19 23
10 21
19 12
3 4
20 6
21 6
22 21
21 13
11 6
17 12
16 22
14 2
2 8
14 22
18 13
16 6
11 3
18 10
2 12
5 3
18 15
9 13
14 25
3 22
10 13
18 1
11 21
19 13
18 3
9 7
23 1
8 15
5 15
19 8
8 7
1 15
14 16
16 21
19 9
2 13
25 20
22 12
21 12
16 13
18 19
25 21
1 17
24 23
2 17
1 22
8 10
17 15
22 20
20 15
25 22
3 12
8 22
14 3
1 10
5 20
19 15
25 16
7 6
24 12
10 9
19 11
24 16
5 2
25 10
20 4
14 13
14 6
11 15
16 20
18 21
8 16
14 23
14 9
1 6
10 6
24 22
16 15
15
15 12 5 10 
1 4 8 10 14 15 5 
3 13 12 14 9 
14 
10 12 9 8 1 2 
9 10 1 
1 7 15 5 8 
11 2 4 
14 6 4 13 8 
10 14 15 5 1 
3 7 13 15 10 14 
4 14 5 
2 
5 1 13 14 8 10 3 
12 11 6 8 5 10 9 
15 6 3 7 5 
9 
13 10 6 
4 2 8 15 10 6 
6 2 5 9 11 15 7 
9 6 12 5 8 1 4 
4 11 9 15 
2 8 
7 15 4 2 
10 8 
