25 162
23 4
9 4
7 23
10 7
1 23
5 4
3 9
18 1
17 18
14 23
12 5
13 17
21 4
24 3
19 14
2 21
25 3
11 23
6 24
22 17
8 17
16 2
20 21
15 8
5 17
24 19
12 22
10 15
13 21
17 16
14 25
4 7
13 2
7 3
7 18
23 9
7 8
14 21
9 10
3 14
18 8
1 19
7 19
3 2
21 22
22 16
1 15
7 22
9 15
9 22
9 16
7 13
7 25
14 13
12 21
9 5
12 11
10 21
12 25
2 20
25 20
5 14
17 20
23 21
4 24
4 13
23 15
25 22
25 15
23 16
14 11
4 12
14 2
10 11
8 16
9 1
7 17
3 11
2 8
18 14
17 12
18 19
9 24
19 22
23 22
10 8
21 24
5 13
11 6
23 20
13 6
17 15
10 1
10 24
21 19
4 10
24 8
1 22
12 13
18 11
17 25
21 11
1 8
5 19
2 15
18 2
19 8
9 14
17 19
18 15
13 20
9 21
21 8
18 21
3 17
1 24
5 15
1 25
1 3
14 15
23 25
23 18
1 16
5 20
1 21
18 13
4 17
13 15
5 2
9 25
11 16
13 19
25 11
19 20
17 11
13 11
4 20
23 24
10 16
2 6
4 19
19 16
18 12
6 15
17 6
13 25
23 5
14 22
4 1
16 15
19 2
3 13
1 11
5 11
23 19
24 11
18 20
10 18
25 16
11 22
17 21
7 6
15
14 15 5 
5 8 6 10 12 11 15 
8 
4 7 3 5 10 13 
14 
13 1 9 12 6 7 15 
13 6 11 10 1 9 
13 4 9 5 11 
6 4 10 9 
9 8 
7 5 1 
9 1 5 
9 12 8 2 6 5 15 
6 
10 2 
12 14 
13 11 15 14 
10 2 4 1 
5 9 8 15 1 6 
9 12 6 5 
10 14 13 
12 
3 13 6 
3 
9 12 2 15 11 
