25 134
23 18
24 23
13 23
1 24
10 24
6 18
9 6
11 23
5 11
7 11
19 6
4 13
12 9
15 4
25 9
22 9
8 4
16 6
21 9
3 10
14 8
20 4
17 12
2 15
21 2
18 15
13 15
18 4
1 2
19 21
11 4
10 14
22 3
23 5
13 2
6 12
4 16
1 3
18 16
24 20
5 25
24 2
8 2
25 22
6 8
6 15
9 11
25 16
23 2
8 21
6 14
18 21
10 20
13 1
15 25
13 21
13 22
12 25
10 16
5 7
5 12
8 16
13 10
24 17
18 19
13 19
9 7
20 17
13 9
9 2
10 2
7 8
5 19
24 22
16 21
1 17
5 3
1 12
4 3
6 2
10 21
4 25
15 22
20 2
19 3
7 19
24 21
23 25
19 2
19 12
13 17
23 17
4 21
16 17
7 17
13 16
19 20
1 25
21 20
23 14
23 10
19 17
23 21
5 22
6 7
23 7
1 22
1 14
24 13
24 6
1 5
11 2
22 20
10 25
7 21
4 14
4 22
6 4
7 4
22 16
10 9
7 20
11 14
25 17
15 17
25 21
7 12
16 2
19 15
11 21
15 20
25 3
8 17
23 19
15
5 
3 
6 15 2 12 
13 12 
8 10 14 
4 5 
4 5 8 11 10 2 13 
8 12 15 7 13 
12 11 15 8 6 
5 11 3 12 6 
5 8 4 2 3 1 
3 
2 
1 2 4 
1 11 14 
11 10 
2 12 
14 6 3 5 15 2 4 
7 6 
2 5 
9 7 
14 5 2 10 12 13 
2 12 7 5 
8 
11 9 13 2 
