25 300
23 3
13 23
24 23
19 13
11 23
25 24
14 13
4 3
22 14
16 22
6 24
21 24
15 13
10 19
8 4
7 15
9 19
5 8
18 19
20 25
1 8
12 13
2 20
17 11
19 25
4 17
10 2
3 20
24 10
3 1
6 9
13 7
25 12
23 22
6 15
11 25
4 21
11 16
25 15
3 22
16 6
25 7
3 19
9 1
10 17
4 15
20 17
22 17
24 2
23 16
5 18
5 20
3 5
9 12
11 21
11 22
19 21
3 18
10 1
14 10
25 5
6 7
15 20
23 9
5 12
15 18
6 2
19 14
23 19
21 17
25 10
23 18
14 2
7 17
22 20
5 1
16 10
11 12
24 22
24 9
19 15
11 20
25 1
3 13
14 18
24 12
13 16
8 17
18 17
6 20
21 7
15 1
16 7
7 20
3 17
23 17
23 7
25 17
11 15
4 12
3 6
3 11
6 8
16 17
13 10
22 18
12 17
6 18
23 25
6 5
8 18
25 9
24 4
19 16
25 2
3 10
9 2
11 14
11 1
24 18
14 5
21 18
22 1
14 17
23 14
24 11
18 1
14 12
13 17
16 1
7 1
22 15
11 8
3 2
22 7
21 8
4 1
13 18
4 9
23 4
10 18
15 9
3 25
6 1
1 2
21 20
3 16
19 5
14 15
19 20
19 12
25 4
6 17
16 2
19 4
5 17
3 14
23 2
24 8
23 6
4 7
25 18
11 7
18 2
7 18
19 22
14 21
23 10
25 22
16 12
4 5
22 6
24 16
16 8
19 8
24 14
4 18
19 2
21 12
14 4
24 5
4 22
3 21
19 1
4 2
23 12
24 20
23 8
11 6
25 6
23 15
6 21
7 12
21 5
1 17
22 12
11 2
14 20
24 15
8 2
20 12
3 7
21 9
5 2
15 5
9 17
14 1
8 9
15 10
9 18
25 21
25 8
10 7
23 20
16 9
10 20
15 2
11 9
10 12
22 10
2 17
15 8
3 24
22 5
21 2
13 4
21 10
21 1
23 21
13 11
19 11
11 5
3 8
10 9
14 6
21 15
10 5
7 9
22 21
15 12
13 8
4 16
24 19
25 16
11 18
14 16
10 8
19 17
16 5
9 20
13 21
22 9
3 15
13 6
19 6
25 14
18 20
20 1
13 2
23 5
4 6
8 12
16 15
13 1
24 1
13 25
16 20
3 12
24 17
13 24
19 7
12 2
14 7
8 20
8 7
11 10
13 20
3 9
7 2
14 9
6 12
13 5
14 8
22 2
1 12
16 18
16 21
15 17
7 5
13 22
24 7
23 1
22 8
18 12
6 10
13 9
4 20
9 5
4 10
11 4
15
1 2 3 4 5 6 7 8 9 10 11 12 13 14 15 
1 2 3 4 5 6 7 8 9 10 11 12 13 14 15 
1 2 3 4 5 6 7 8 9 10 11 12 13 14 15 
1 2 3 4 5 6 7 8 9 10 11 12 13 14 15 
1 2 3 4 5 6 7 8 9 10 11 12 13 14 15 
1 2 3 4 5 6 7 8 9 10 11 12 13 14 15 
1 2 3 4 5 6 7 8 9 10 11 12 13 14 15 
1 2 3 4 5 6 7 8 9 10 11 12 13 14 15 
1 2 3 4 5 6 7 8 9 10 11 12 13 14 15 
1 2 3 4 5 6 7 8 9 10 11 12 13 14 15 
1 2 3 4 5 6 7 8 9 10 11 12 13 14 15 
1 2 3 4 5 6 7 8 9 10 11 12 13 14 15 
1 2 3 4 5 6 7 8 9 10 11 12 13 14 15 
1 2 3 4 5 6 7 8 9 10 11 12 13 14 15 
1 2 3 4 5 6 7 8 9 10 11 12 13 14 15 
1 2 3 4 5 6 7 8 9 10 11 12 13 14 15 
1 2 3 4 5 6 7 8 9 10 11 12 13 14 15 
1 2 3 4 5 6 7 8 9 10 11 12 13 14 15 
1 2 3 4 5 6 7 8 9 10 11 12 13 14 15 
1 2 3 4 5 6 7 8 9 10 11 12 13 14 15 
1 2 3 4 5 6 7 8 9 10 11 12 13 14 15 
1 2 3 4 5 6 7 8 9 10 11 12 13 14 15 
1 2 3 4 5 6 7 8 9 10 11 12 13 14 15 
1 2 3 4 5 6 7 8 9 10 11 12 13 14 15 
1 2 3 4 5 6 7 8 9 10 11 12 13 14 15 
